11111111
00001011
00001111
00001000
11111011
00111000
00100001
00010011
00010010
00010001
00001111
00001010
01100100
01101001
11001001
01101100
11100001
10001010
01111101
00000010
01101111
00100001
00111000
10011100
00000000
11101010
00100001
00000010
11000111
00010010
00001000
01001101
00000001
00000010
00000011
00000100
00000101
00000110
00000111
00001000
00001001
00001010
00001011
10000000
01111111
10000010
00100001
00101011
00110101
00111111
11001000
11010010
11011100
11100110
11110000
11111010
11111011
11111100
11111101
11111110
11111111
00000000
01100101
01100111
