10101010
00000000
00000000
00001000
10000001
00101100
00000000
00000000
00000000
00000000
00000000
00000000
00000000
00000000
00000000
00000000
00000000
00000000
00000000
00000000
00000000
00000000
00000000
00000000
00000000
00000000
00000000
00000000
00000000
00000000
00000000
00000000
00000001
00000010
00000011
00000100
00000101
00000110
00000111
00001000
00001001
00001010
00001011
10000000
10000001
10000010
00100001
00101011
00110101
00111111
11001000
11010010
11011100
11100110
11110000
11111010
11111011
11111100
11111101
11111110
11111111
00000000
01100101
01100111
